nodes(30).
vertex(1,466,977).
vertex(2,708,204).
vertex(3,819,154).
vertex(4,794,913).
vertex(5,191,528).
vertex(6,979,844).
vertex(7,163,450).
vertex(8,743,138).
vertex(9,386,793).
vertex(10,651,928).
vertex(11,221,887).
vertex(12,56,269).
vertex(13,22,871).
vertex(14,807,132).
vertex(15,500,686).
vertex(16,102,424).
vertex(17,321,492).
vertex(18,799,18).
vertex(19,188,800).
vertex(20,838,750).
vertex(21,188,223).
vertex(22,702,859).
vertex(23,409,944).
vertex(24,43,879).
vertex(25,175,130).
vertex(26,774,937).
vertex(27,85,666).
vertex(28,283,958).
vertex(29,235,596).
vertex(30,653,583).
arc(1,26,311).
arc(1,23,66).
arc(1,10,192).
arc(26,4,32).
arc(26,1,311).
arc(26,22,107).
arc(26,10,124).
arc(26,6,226).
arc(4,26,32).
arc(4,22,107).
arc(4,6,198).
arc(4,20,169).
arc(22,20,175).
arc(22,10,86).
arc(22,30,281).
arc(22,26,107).
arc(22,4,107).
arc(20,30,250).
arc(20,22,175).
arc(20,6,170).
arc(20,3,597).
arc(20,4,169).
arc(30,20,250).
arc(30,2,383).
arc(30,3,460).
arc(30,22,281).
arc(2,30,383).
arc(2,17,483).
arc(2,8,75).
arc(2,25,539).
arc(17,15,264).
arc(17,2,483).
arc(17,5,135).
arc(17,21,301).
arc(15,17,264).
arc(15,9,157).
arc(15,10,286).
arc(15,29,280).
arc(9,29,249).
arc(9,28,195).
arc(9,23,153).
arc(9,15,157).
arc(9,10,298).
arc(9,11,190).
arc(29,5,81).
arc(29,19,210).
arc(29,9,249).
arc(29,27,166).
arc(29,15,280).
arc(5,29,81).
arc(5,27,175).
arc(5,7,83).
arc(5,17,135).
arc(27,16,243).
arc(27,13,215).
arc(27,5,175).
arc(27,24,218).
arc(27,29,166).
arc(27,12,399).
arc(27,19,170).
arc(16,27,243).
arc(16,12,162).
arc(12,25,183).
arc(12,16,162).
arc(12,27,399).
arc(12,13,603).
arc(25,21,94).
arc(25,18,634).
arc(25,12,183).
arc(25,2,539).
arc(21,25,94).
arc(21,7,229).
arc(21,17,301).
arc(7,5,83).
arc(7,21,229).
arc(18,25,634).
arc(18,3,138).
arc(18,8,133).
arc(18,14,115).
arc(3,30,460).
arc(3,18,138).
arc(3,14,26).
arc(3,8,78).
arc(3,6,709).
arc(3,20,597).
arc(14,8,65).
arc(14,3,26).
arc(14,18,115).
arc(8,14,65).
arc(8,18,133).
arc(8,2,75).
arc(8,3,78).
arc(6,20,170).
arc(6,3,709).
arc(6,4,198).
arc(6,26,226).
arc(13,27,215).
arc(13,12,603).
arc(24,27,218).
arc(24,19,166).
arc(24,11,179).
arc(19,29,210).
arc(19,11,94).
arc(19,24,166).
arc(19,27,170).
arc(11,19,94).
arc(11,24,179).
arc(11,9,190).
arc(28,9,195).
arc(28,23,127).
arc(23,1,66).
arc(23,9,153).
arc(23,28,127).
arc(10,22,86).
arc(10,15,286).
arc(10,9,298).
arc(10,1,192).
arc(10,26,124).
