nodes(30).
vertex(1,673,423).
vertex(2,842,348).
vertex(3,862,206).
vertex(4,404,772).
vertex(5,49,753).
vertex(6,591,977).
vertex(7,691,601).
vertex(8,609,731).
vertex(9,47,843).
vertex(10,391,452).
vertex(11,641,248).
vertex(12,151,651).
vertex(13,940,951).
vertex(14,142,596).
vertex(15,173,564).
vertex(16,142,926).
vertex(17,411,980).
vertex(18,315,499).
vertex(19,255,584).
vertex(20,15,84).
vertex(21,20,412).
vertex(22,38,658).
vertex(23,582,606).
vertex(24,48,855).
vertex(25,714,825).
vertex(26,935,298).
vertex(27,584,737).
vertex(28,390,406).
vertex(29,477,450).
vertex(30,16,746).
arc(1,11,178).
arc(1,23,205).
arc(11,28,297).
arc(11,20,648).
arc(11,29,261).
arc(11,3,225).
arc(11,1,178).
arc(11,2,225).
arc(28,11,297).
arc(28,21,371).
arc(28,18,120).
arc(28,29,98).
arc(21,22,247).
arc(21,20,329).
arc(21,28,371).
arc(21,15,216).
arc(21,14,221).
arc(21,18,308).
arc(22,21,247).
arc(22,5,96).
arc(22,14,122).
arc(5,30,34).
arc(5,22,96).
arc(5,12,145).
arc(5,9,91).
arc(30,20,663).
arc(30,5,34).
arc(30,9,102).
arc(30,24,114).
arc(20,30,663).
arc(20,21,329).
arc(20,11,648).
arc(20,3,856).
arc(3,20,856).
arc(3,11,225).
arc(3,2,144).
arc(2,13,611).
arc(2,11,225).
arc(2,3,144).
arc(2,26,106).
arc(13,26,654).
arc(13,25,259).
arc(13,2,611).
arc(13,7,430).
arc(26,13,654).
arc(26,2,106).
arc(25,13,259).
arc(7,23,110).
arc(7,8,154).
arc(7,13,430).
arc(23,7,110).
arc(23,10,246).
arc(23,27,132).
arc(23,1,205).
arc(10,23,246).
arc(10,18,90).
arc(18,10,90).
arc(18,15,157).
arc(18,4,288).
arc(18,28,120).
arc(18,21,308).
arc(15,18,157).
arc(15,14,45).
arc(15,21,216).
arc(14,15,45).
arc(14,21,221).
arc(14,12,56).
arc(14,22,122).
arc(12,19,124).
arc(12,5,145).
arc(12,14,56).
arc(12,16,276).
arc(19,4,240).
arc(19,12,124).
arc(4,27,184).
arc(4,19,240).
arc(4,18,288).
arc(4,17,209).
arc(4,16,304).
arc(27,8,26).
arc(27,4,184).
arc(27,23,132).
arc(8,27,26).
arc(8,7,154).
arc(17,6,181).
arc(17,4,209).
arc(6,17,181).
arc(16,9,127).
arc(16,4,304).
arc(16,12,276).
arc(9,24,13).
arc(9,30,102).
arc(9,16,127).
arc(9,5,91).
arc(24,9,13).
arc(24,30,114).
arc(29,11,261).
arc(29,28,98).
